0193.2001.109.d,-7.410000,155.8650,14.00000,6.7,0.416E+19,-0.251E+19,-0.165E+19,0.301E+19,-0.244E+19,0.254E+19,
0193.2001.357.a,-9.613000,159.5300,12.00000,6.8,0.655E+19,-0.647E+19,-0.831E+17,0.782E+18,-0.136E+20,-0.134E+19,
0193.2004.282.a,-10.95100,162.1610,32.00000,6.8,0.780E+19,-0.361E+19,-0.419E+19,0.521E+19,0.860E+19,0.821E+19,
0193.2004.314.a,-11.15000,163.7060,6.000000,6.9,-0.569E+19,0.266E+19,0.303E+19,-0.941E+19,0.375E+19,0.187E+20,
0193.2004.316.a,-11.12800,162.2080,6.000000,6.6,0.911E+17,-0.120E+18,0.288E+17,0.674E+18,-0.626E+18,0.840E+17,
0193.2006.244.a,-6.759000,155.5120,36.00000,6.7,0.169E+20,-0.726E+19,-0.967E+19,-0.191E+19,-0.102E+19,0.632E+19,
0193.2007.179.a,-7.969000,154.6300,16.00000,6.7,0.159E+19,0.814E+19,-0.973E+19,0.565E+19,-0.340E+19,0.542E+19,
0193.2007.228.a,-9.715100,159.3353,2.000000,6.7,-0.337E+18,0.307E+19,-0.273E+19,0.448E+18,0.813E+17,0.399E+19,
0196.2001.254.a,-0.5780000,133.1300,20.00000,6.5,0.132E+19,-0.141E+19,0.863E+17,0.252E+19,-0.107E+18,0.595E+19,
0196.2004.039.a,-3.665000,135.3390,34.00000,6.7,-0.153E+19,-0.348E+19,0.501E+19,-0.200E+19,-0.232E+18,-0.525E+19,
0196.2004.210.a,-0.4430000,133.0910,10.00000,6.5,0.475E+19,-0.509E+19,0.345E+18,-0.263E+19,0.188E+19,0.233E+19,
0200.2002.010.a,-3.212000,142.4270,10.00000,6.7,0.624E+19,-0.228E+19,-0.396E+19,0.165E+19,0.718E+19,0.391E+19,
0200.2005.101.a,-3.484000,145.9090,20.00000,6.7,0.953E+18,-0.140E+18,-0.813E+18,0.344E+18,0.881E+18,0.562E+19,
0209.2005.016.a,10.93400,140.8420,8.000000,6.6,-0.567E+19,0.560E+19,0.700E+17,0.413E+19,-0.179E+19,0.229E+19,
0212.1996.311.a,27.99900,143.5380,9.000000,6.6,-0.314E+19,0.945E+17,0.304E+19,-0.468E+18,-0.152E+19,-0.883E+18,
0215.2001.184.a,21.64100,142.9840,298.0000,6.5,0.564E+19,-0.193E+19,-0.371E+19,-0.875E+18,0.122E+19,-0.255E+19,
0216.2002.226.a,14.10100,146.1990,24.00000,6.5,0.324E+19,-0.175E+19,-0.149E+19,0.875E+18,0.177E+19,0.420E+19,
0216.2005.036.a,16.01100,145.8670,124.0000,6.6,-0.487E+19,0.478E+19,0.886E+17,-0.623E+18,0.383E+19,-0.336E+19,
0216.2007.030.a,20.98500,144.6960,16.00000,6.5,-0.218E+19,0.820E+19,-0.602E+19,0.432E+19,0.225E+19,0.204E+18,
0217.2004.162.a,55.68200,160.0030,190.0000,6.9,-0.147E+20,-0.801E+18,0.155E+20,-0.140E+20,-0.195E+20,0.403E+19,
0218.2006.236.a,51.14800,157.5220,42.00000,6.5,0.578E+19,-0.274E+19,-0.304E+19,0.236E+18,0.147E+19,-0.309E+19,
0219.1992.062.a,52.91500,159.8860,34.00000,6.9,0.262E+20,-0.963E+19,-0.165E+20,0.279E+19,0.118E+20,-0.604E+19,
0219.2001.281.b,52.59100,160.3240,24.00000,6.5,0.148E+19,-0.262E+18,-0.122E+19,0.760E+18,0.277E+19,0.230E+19,
0221.2000.028.a,43.04600,146.8370,42.00000,6.8,0.963E+19,0.416E+19,-0.138E+20,0.137E+20,0.460E+19,-0.393E+19,
0221.2001.145.a,44.26800,148.3930,20.00000,6.7,0.482E+19,0.564E+19,-0.105E+20,0.231E+19,0.641E+19,-0.244E+19,
0221.2006.273.a,46.35100,153.1660,11.00000,6.6,0.429E+19,-0.166E+19,-0.263E+19,0.220E+19,0.748E+19,-0.175E+19,
0221.2006.274.a,46.47000,153.2400,18.00000,6.6,0.959E+18,-0.539E+18,-0.420E+18,0.342E+19,0.453E+19,0.164E+19,
0224.2004.341.a,42.90000,145.2280,34.00000,6.8,0.120E+20,-0.102E+20,-0.180E+19,0.189E+19,0.872E+19,-0.421E+19,
0226.2004.297.b,37.22600,138.7790,16.00000,6.6,0.328E+19,-0.166E+19,-0.162E+19,-0.960E+18,-0.233E+18,-0.234E+19,
0226.2007.084.a,37.33600,136.5880,8.000000,6.6,0.106E+20,0.184E+19,-0.125E+20,0.364E+19,-0.249E+19,-0.654E+19,
0226.2007.197.a,37.58450,138.3778,14.00000,6.7,0.789E+19,-0.366E+19,-0.423E+19,-0.464E+19,-0.323E+19,-0.530E+19,
0227.2001.336.a,39.40200,141.0890,112.0000,6.5,-0.110E+19,0.237E+18,0.858E+18,-0.588E+18,0.621E+19,-0.867E+18,
0228.2005.336.a,38.08900,142.1220,27.00000,6.5,0.364E+19,-0.485E+18,-0.315E+19,0.167E+19,0.497E+19,-0.298E+18,
0229.2005.019.a,34.06400,141.4910,44.00000,6.5,0.183E+18,0.687E+18,-0.871E+18,0.101E+17,0.431E+19,0.207E+19,
0230.2004.250.a,33.20500,137.2270,24.00000,6.7,0.428E+19,-0.669E+19,0.241E+19,0.471E+18,0.133E+19,-0.171E+19,
0235.2005.079.a,33.80700,130.1310,6.000000,6.6,0.135E+19,0.429E+19,-0.564E+19,0.108E+19,-0.344E+18,0.265E+19,
0243.2001.352.a,23.95400,122.7340,16.00000,6.9,-0.813E+19,-0.430E+19,0.124E+20,0.234E+19,-0.657E+17,0.402E+19,
0243.2004.289.a,24.53000,122.6940,94.00000,6.6,0.357E+19,-0.861E+19,0.504E+19,0.657E+19,-0.283E+19,-0.391E+19,
0244.1999.268.a,23.73800,121.1580,16.00000,6.5,0.268E+19,-0.169E+18,-0.251E+19,-0.383E+18,-0.204E+19,-0.218E+19,
0244.2003.344.a,23.03900,121.3620,10.00000,6.8,0.174E+20,-0.445E+19,-0.130E+20,-0.591E+19,0.294E+19,-0.578E+18,
0245.2005.288.a,25.32100,123.3560,183.0000,6.5,0.283E+18,-0.336E+19,0.307E+19,0.511E+19,0.132E+19,-0.130E+19,
0259.2003.146.a,6.761000,123.7070,578.0000,6.8,-0.484E+19,-0.482E+19,0.965E+19,0.105E+20,-0.162E+20,0.145E+19,
0263.2005.046.a,4.756000,126.4210,54.00000,6.6,0.316E+19,0.356E+18,-0.352E+19,0.502E+18,0.260E+19,0.270E+19,
0266.2007.207.a,2.799900,127.4930,48.00000,6.7,0.351E+20,-0.128E+20,-0.223E+20,0.367E+19,0.234E+18,0.372E+19,
0267.2007.051.a,-1.058800,127.0663,6.000000,6.5,-0.214E+19,0.252E+18,0.189E+19,0.749E+18,-0.873E+19,0.105E+20,
0272.2004.028.a,-3.120000,127.4000,28.00000,6.6,-0.198E+19,0.294E+19,-0.964E+18,0.373E+19,0.590E+19,0.949E+19,
0272.2006.073.a,-3.595000,127.2140,14.00000,6.7,-0.352E+19,0.556E+19,-0.204E+19,-0.611E+19,-0.722E+19,0.118E+20,
0274.2005.100.a,-1.644000,99.60700,12.00000,6.7,0.770E+19,-0.425E+19,-0.345E+19,-0.137E+19,0.367E+19,0.297E+19,
0276.1999.355.a,-6.845000,105.5550,40.00000,6.6,0.572E+18,0.857E+18,-0.143E+19,0.451E+19,-0.921E+18,-0.272E+19,
0276.2002.178.a,-6.963000,104.1810,10.00000,6.5,0.613E+19,-0.491E+19,-0.121E+19,-0.102E+19,-0.576E+18,0.179E+19,
0280.2000.220.a,-7.018000,123.3570,652.0000,6.5,-0.384E+19,0.419E+19,-0.353E+18,-0.345E+19,0.115E+19,0.969E+18,
0286.2003.084.a,-8.294000,120.7430,34.00000,6.5,-0.465E+18,-0.164E+19,0.210E+19,-0.220E+19,0.423E+17,0.204E+19,
0288.2004.114.a,-9.362000,122.8390,64.00000,6.7,-0.313E+19,0.692E+19,-0.379E+19,0.849E+19,0.300E+19,-0.201E+19,
0297.1995.192.a,21.96600,99.19600,4.000000,6.8,0.195E+18,-0.138E+20,0.136E+20,-0.973E+18,0.132E+18,0.813E+19,
0302.1996.324.a,35.34500,78.13300,42.00000,6.8,0.332E+19,0.108E+19,-0.440E+19,0.259E+19,0.100E+20,0.229E+20,
0318.1996.034.a,27.29100,100.2760,10.00000,6.6,-0.145E+19,-0.926E+18,0.237E+19,-0.321E+18,0.162E+18,-0.385E+18,
0326.2003.274.a,50.21100,87.72100,12.00000,6.7,0.121E+19,-0.124E+20,0.112E+20,-0.233E+19,-0.747E+18,-0.392E+19,
0341.1997.035.a,37.66100,57.29100,6.000000,6.5,0.796E+18,-0.578E+19,0.498E+19,-0.388E+17,0.437E+18,0.302E+19,
0347.2002.173.a,35.62600,49.04700,6.000000,6.5,0.633E+19,-0.517E+19,-0.116E+19,0.152E+19,-0.131E+19,0.301E+19,
0353.2003.360.a,28.99500,58.31100,8.000000,6.6,0.164E+19,-0.253E+19,0.896E+18,-0.149E+18,-0.571E+18,0.623E+19,
0366.2002.034.a,38.57300,31.27100,2.000000,6.5,-0.267E+19,0.183E+19,0.842E+18,-0.516E+18,0.813E+17,0.191E+17,
0368.2006.008.a,36.31100,23.21200,56.00000,6.7,0.125E+20,-0.217E+19,-0.103E+20,0.504E+19,0.174E+19,-0.896E+19,
0372.1996.283.a,34.55600,32.12600,20.00000,6.8,0.391E+19,0.854E+19,-0.124E+20,0.979E+19,-0.562E+18,-0.777E+19,
0396.2003.141.a,36.96400,3.634000,9.000000,6.8,0.117E+20,-0.705E+19,-0.464E+19,-0.652E+19,-0.485E+19,-0.137E+19,
0402.2003.134.b,18.26600,-58.63300,29.00000,6.6,0.195E+19,-0.915E+19,0.720E+19,0.112E+19,-0.407E+19,-0.650E+19,
0406.1996.345.a,0.8700000,-30.03900,6.000000,6.7,0.331E+18,-0.271E+19,0.238E+19,-0.724E+18,-0.287E+18,-0.817E+19,
0406.2003.355.a,-0.7690000,-20.60100,32.00000,6.6,0.723E+17,0.351E+19,-0.358E+19,0.223E+19,0.342E+18,-0.477E+19,
0406.2005.012.a,-0.8780000,-21.19400,32.00000,6.8,0.125E+19,0.633E+19,-0.758E+19,0.275E+19,-0.975E+19,-0.137E+20,
0407.1996.047.a,-1.496000,-15.27900,4.000000,6.6,-0.541E+18,0.432E+19,-0.378E+19,-0.774E+18,0.705E+17,-0.600E+19,
0407.1996.049.a,-1.266000,-14.27300,6.000000,6.6,-0.409E+18,0.244E+19,-0.203E+19,0.147E+18,0.310E+19,-0.625E+19,
0410.2005.047.a,-36.32000,-16.55800,4.000000,6.6,-0.336E+18,-0.161E+19,0.194E+19,0.284E+18,-0.213E+18,0.567E+19,
0412.2003.107.a,-54.62400,1.432000,3.000000,6.5,-0.943E+18,0.575E+19,-0.480E+19,-0.136E+18,0.792E+18,-0.760E+18,
0431.1997.118.a,-42.50400,42.68600,4.000000,6.8,-0.130E+18,0.295E+19,-0.282E+19,-0.138E+18,0.485E+18,0.691E+19,
0431.2003.027.a,-46.04800,35.05700,2.000000,6.5,-0.784E+18,0.364E+19,-0.285E+19,0.919E+17,0.294E+18,0.334E+19,
0435.2002.164.a,-47.80100,99.75100,6.000000,6.6,-0.196E+18,0.658E+19,-0.638E+19,-0.282E+18,-0.690E+17,-0.135E+19,
0435.2005.302.a,-45.21400,96.89800,8.000000,6.5,-0.268E+19,0.477E+19,-0.208E+19,0.271E+18,-0.635E+18,-0.124E+19,
0437.2000.163.a,-50.57900,139.5500,14.00000,6.6,0.537E+18,0.826E+17,-0.620E+18,0.863E+17,-0.108E+19,-0.428E+19,
0572.2005.339.a,-6.224000,29.83000,18.00000,6.8,-0.162E+20,0.537E+19,0.108E+20,-0.709E+19,-0.364E+19,-0.784E+19,
0613.2006.288.a,19.87800,-155.9350,28.00000,6.7,-0.307E+19,0.356E+19,-0.496E+18,-0.142E+19,-0.355E+19,-0.104E+20,
0632.1994.043.a,-10.77700,-128.8270,12.00000,6.6,-0.104E+20,0.456E+19,0.587E+19,-0.244E+19,-0.191E+19,0.268E+19,
0638.2000.169.a,63.96600,-20.48700,4.000000,6.5,-0.563E+18,0.236E+18,0.327E+18,0.919E+18,0.433E+18,0.427E+19,
0638.2000.173.a,63.98000,-20.75800,2.000000,6.5,-0.703E+17,-0.345E+18,0.416E+18,0.541E+18,0.513E+18,0.490E+19,
0643.1992.202.a,78.56200,5.523000,4.000000,6.7,0.493E+18,-0.104E+20,0.988E+19,0.838E+18,0.579E+18,-0.191E+19,
0656.2003.208.a,47.15100,139.2480,473.0000,6.8,0.561E+19,0.481E+19,-0.104E+20,0.402E+19,-0.933E+19,-0.848E+19,
0660.2007.197.a,36.78450,134.8499,373.0000,6.8,-0.355E+19,0.122E+20,-0.867E+19,-0.335E+19,-0.131E+20,0.103E+20,
0662.2000.217.a,48.78600,142.2460,16.00000,6.8,0.434E+19,0.697E+19,-0.113E+20,-0.809E+18,-0.310E+18,0.471E+19,
0671.2006.119.a,60.49100,167.5160,10.00000,6.6,0.332E+19,0.112E+19,-0.445E+19,-0.135E+19,0.105E+19,-0.568E+18,
0671.2006.142.a,60.77000,165.7350,6.000000,6.6,0.614E+18,-0.300E+19,0.238E+19,-0.127E+19,-0.827E+18,0.660E+19,
0684.2001.218.a,-55.53700,-123.4220,4.000000,6.7,-0.827E+19,0.915E+19,-0.882E+18,-0.998E+16,0.276E+19,-0.168E+19,
0685.1996.249.b,-22.11800,-113.4360,6.000000,6.9,0.702E+19,-0.982E+19,0.280E+19,0.101E+20,-0.273E+19,0.451E+19,
0685.2004.333.a,-26.86380,-113.9311,8.000000,6.6,-0.207E+18,-0.337E+19,0.358E+19,0.117E+19,0.105E+19,-0.429E+19,
0686.1999.344.a,-36.20600,-97.31600,6.000000,6.5,0.130E+18,0.987E+18,-0.112E+19,0.183E+18,0.202E+18,-0.638E+19,
0688.2001.233.a,-36.96250,-179.8406,52.00000,6.9,0.575E+20,-0.165E+20,-0.410E+20,-0.165E+19,-0.129E+20,0.101E+20,
0691.2005.132.a,-57.38200,-139.2310,6.000000,6.5,0.111E+19,-0.392E+19,0.281E+19,0.738E+18,0.404E+18,-0.208E+19,
0701.2007.030.a,-54.74000,146.2980,12.00000,6.8,0.244E+19,0.408E+19,-0.652E+19,0.146E+19,-0.755E+19,-0.204E+20,
0703.2002.256.a,13.03600,93.06800,22.00000,6.5,0.356E+19,-0.525E+19,0.170E+19,-0.884E+18,0.190E+19,0.316E+19,
0705.2005.001.a,5.099000,92.30400,12.00000,6.6,-0.140E+19,-0.215E+19,0.355E+19,0.483E+18,-0.544E+19,-0.260E+19,
0705.2005.057.a,2.908000,95.59200,24.00000,6.7,0.534E+19,-0.793E+19,0.259E+19,0.110E+20,-0.106E+20,0.315E+19,
0706.2005.134.a,0.5870000,98.45900,32.00000,6.8,0.893E+19,0.890E+18,-0.982E+19,0.631E+19,-0.107E+20,0.135E+19,
0706.2005.139.a,1.989000,97.04100,38.00000,6.9,0.434E+19,0.344E+19,-0.778E+19,0.704E+19,-0.670E+19,0.888E+18,
0706.2005.186.a,1.819000,97.08200,21.00000,6.7,0.355E+19,-0.174E+19,-0.181E+19,0.591E+19,-0.422E+19,0.531E+18,
0706.2005.323.a,2.232400,96.76940,24.00000,6.5,0.160E+19,-0.288E+18,-0.131E+19,0.333E+19,-0.333E+19,0.213E+19,
0706.2006.136.a,9.300000E-02,97.05000,8.000000,6.8,-0.860E+19,0.694E+19,0.166E+19,0.825E+19,-0.878E+19,-0.157E+20,
0717.1999.312.a,36.52200,71.24000,226.0000,6.5,0.538E+19,0.626E+17,-0.545E+19,0.883E+18,0.281E+19,-0.259E+19,
0717.2004.096.a,36.51200,71.02900,178.0000,6.5,0.444E+19,-0.498E+19,0.544E+18,0.472E+19,0.340E+19,-0.106E+18,
0717.2005.346.a,36.35700,71.09300,216.0000,6.5,0.635E+19,-0.718E+19,0.830E+18,0.131E+19,0.110E+19,-0.348E+18,
0022.2009.321.a,52.07950,-131.5115,16.00000,6.6,0.372E+18,-0.745E+19,0.708E+19,0.929E+18,-0.299E+19,0.496E+19,
0186.2006.219.a,-15.77700,167.7990,158.0000,6.8,-0.114E+20,0.131E+20,-0.168E+19,-0.378E+19,-0.953E+19,0.125E+20,
0188.2003.359.b,-22.25200,169.4880,8.000000,6.5,-0.490E+19,0.427E+19,0.632E+18,-0.114E+18,-0.189E+17,-0.373E+18,
0188.2003.360.a,-22.27300,169.3140,4.000000,6.8,-0.143E+20,0.777E+19,0.651E+19,-0.894E+18,-0.420E+19,-0.114E+19,
0188.2003.361.b,-21.67200,169.8350,14.00000,6.7,0.111E+20,-0.393E+19,-0.715E+19,0.244E+19,-0.534E+19,0.305E+19,
0188.2005.101.a,-21.97500,170.6120,67.00000,6.8,-0.380E+19,-0.411E+19,0.791E+19,0.856E+19,0.378E+19,0.106E+20,
0190.2002.346.a,-4.786000,153.2750,34.00000,6.6,0.736E+19,0.375E+19,-0.111E+20,-0.264E+19,-0.392E+19,0.847E+18,
0190.2003.010.a,-5.311000,153.7010,34.00000,6.6,0.120E+20,-0.829E+19,-0.366E+19,0.223E+18,0.368E+18,0.283E+19,
0192.2000.037.a,-5.844000,150.8760,9.9999998E-03,6.6,0.186E+19,-0.133E+19,-0.531E+18,0.822E+19,-0.506E+19,-0.553E+18,
0192.2000.198.a,-7.747000,150.9170,8.000000,6.6,-0.506E+19,0.602E+19,-0.954E+18,0.384E+18,-0.947E+18,0.664E+19,
0192.2000.323.a,-5.228000,151.7710,34.00000,6.8,0.162E+20,-0.106E+20,-0.557E+19,0.256E+19,-0.673E+18,0.144E+19,
0192.2000.341.a,-4.218000,152.7250,26.00000,6.6,0.351E+19,0.143E+19,-0.494E+19,0.204E+19,-0.481E+18,0.104E+19,
0192.2001.304.a,-5.912000,150.1960,32.00000,6.9,0.176E+20,-0.976E+19,-0.785E+19,0.767E+19,-0.190E+19,0.126E+20,
0192.2002.036.a,-5.345000,151.2480,42.00000,6.6,0.561E+19,-0.447E+19,-0.114E+19,0.590E+18,-0.149E+19,0.640E+19,
0192.2005.272.a,-5.437000,151.8400,24.00000,6.7,0.323E+19,-0.254E+19,-0.697E+18,0.593E+19,0.250E+19,-0.212E+19,
0035.2010.010.a,40.67400,-124.6550,18.00000,6.5,-0.755E+18,-0.648E+19,0.724E+19,0.512E+18,-0.271E+19,-0.536E+18,
0049.2009.215.a,29.03900,-112.9030,10.00000,6.8,0.256E+18,-0.171E+20,0.169E+20,0.783E+18,0.505E+19,-0.428E+19,
0177.2009.049.a,-27.42400,-176.3300,22.00000,6.9,0.442E+19,-0.123E+20,0.786E+19,0.222E+18,0.214E+20,-0.142E+20,
0192.2006.148.a,-5.724000,151.1330,30.00000,6.5,0.442E+19,-0.289E+19,-0.153E+19,0.236E+19,0.431E+17,0.701E+18,
0192.2003.158.a,-5.095000,152.5020,20.00000,6.6,0.825E+19,-0.418E+19,-0.407E+19,0.151E+19,0.790E+18,-0.460E+18,
0192.2003.329.a,-5.515800,150.8822,32.00000,6.6,0.764E+19,-0.591E+19,-0.172E+19,0.181E+19,-0.957E+18,0.202E+19,
0192.2005.345.a,-6.568000,152.1950,6.000000,6.6,-0.905E+19,0.801E+19,0.104E+19,0.554E+18,-0.220E+19,0.348E+19,
0069.2008.290.a,14.42300,-92.36400,24.00000,6.5,0.611E+19,-0.250E+19,-0.360E+19,-0.719E+18,-0.144E+19,0.114E+19,
0102.2007.253.a,2.912800,-78.14780,12.00000,6.9,-0.981E+19,0.998E+19,-0.175E+18,0.984E+19,0.474E+19,0.775E+19,
0211.2009.224.a,32.82100,140.3950,100.0000,6.6,0.375E+19,0.623E+18,-0.437E+19,-0.202E+19,-0.811E+19,-0.141E+19,
0216.2007.304.a,18.83690,145.3184,240.0000,6.9,0.363E+20,0.138E+20,-0.501E+20,-0.442E+20,-0.181E+20,0.293E+20,
0221.2009.097.a,46.04900,151.5480,32.00000,6.9,0.145E+20,-0.187E+19,-0.126E+20,0.503E+19,0.105E+20,-0.173E+19,
0224.2008.255.a,41.89200,143.7540,24.00000,6.8,0.760E+19,-0.148E+19,-0.612E+19,0.806E+19,0.144E+20,-0.434E+19,
0227.2008.165.a,39.10000,140.6000,8.000000,6.9,0.133E+20,0.586E+19,-0.192E+20,0.229E+19,0.380E+19,-0.660E+19,
0227.2008.205.a,39.80000,141.4000,100.0000,6.8,-0.109E+20,0.479E+19,0.613E+19,-0.240E+19,0.172E+20,-0.105E+19,
0228.2008.128.c,36.15800,141.5210,28.00000,6.8,0.126E+20,-0.365E+19,-0.899E+19,0.471E+18,0.257E+19,0.631E+18,
0229.2008.201.a,37.55200,142.2140,22.00000,6.9,0.828E+19,-0.140E+19,-0.688E+19,0.748E+19,0.187E+20,-0.323E+19,
0248.2008.063.a,13.40000,125.7000,24.00000,6.9,-0.101E+20,0.149E+20,-0.485E+19,-0.201E+19,0.176E+19,-0.123E+20,
0274.2008.056.b,-2.245000,99.80800,26.00000,6.5,0.673E+19,-0.388E+19,-0.285E+19,0.234E+19,-0.125E+18,0.175E+19,
0306.2008.238.a,30.90100,83.52000,24.00000,6.7,-0.798E+19,0.933E+18,0.704E+19,-0.286E+19,0.199E+19,-0.205E+19,
0325.2008.315.a,37.60000,95.80000,20.00000,6.5,0.139E+19,-0.151E+19,0.120E+18,0.494E+18,-0.110E+18,-0.396E+18,
0368.2008.045.a,36.50100,21.67000,18.00000,6.9,0.155E+19,0.195E+18,-0.175E+19,0.694E+19,-0.400E+19,-0.244E+19,
0403.2008.039.a,10.67100,-41.89900,2.000000,6.9,-0.374E+19,0.480E+18,0.326E+19,0.913E+19,0.128E+20,-0.118E+20,
0703.2008.179.a,11.03080,91.90630,10.00000,6.7,-0.363E+19,-0.182E+19,0.545E+19,-0.126E+19,-0.156E+19,0.141E+19,
0719.2008.279.a,39.50000,73.80000,6.000000,6.6,0.104E+20,-0.106E+20,0.200E+18,-0.980E+18,-0.245E+18,-0.924E+19,
0183.2008.201.a,-11.04100,164.4930,4.000000,6.6,-0.796E+19,0.195E+19,0.601E+19,0.148E+19,0.368E+18,0.472E+19,
0186.2008.252.b,-13.50100,166.9670,105.0000,6.9,0.329E+20,-0.423E+19,-0.287E+20,0.122E+18,-0.242E+18,0.380E+18,
0188.2009.015.a,-22.35200,170.6350,10.00000,6.6,0.439E+19,-0.202E+19,-0.237E+19,0.129E+19,-0.140E+19,0.138E+19,
0188.2009.019.a,-22.59600,170.9110,6.000000,6.5,0.378E+19,-0.184E+19,-0.193E+19,0.349E+19,-0.226E+18,0.533E+17,
0190.2009.174.a,-5.157000,153.7820,62.00000,6.7,0.135E+20,-0.605E+19,-0.746E+19,-0.152E+19,0.406E+19,0.548E+19,
0210.2008.130.a,12.50000,143.2000,75.00000,6.6,-0.652E+19,-0.270E+19,0.922E+19,0.791E+19,0.164E+19,-0.516E+18,
0732.2008.182.a,-58.15950,-21.89390,38.00000,6.7,0.103E+19,-0.214E+20,0.204E+20,0.946E+19,0.182E+19,0.651E+19,
0153.2008.041.a,-60.79700,-25.58600,4.000000,6.5,-0.696E+19,0.442E+19,0.253E+19,0.224E+18,-0.299E+18,0.305E+19,
0153.2008.054.a,-57.32600,-23.42100,12.00000,6.7,-0.122E+20,-0.421E+19,0.164E+20,-0.198E+19,0.416E+19,-0.965E+19,
0181.2008.015.a,-21.98400,-179.5350,588.0000,6.5,0.159E+18,-0.443E+18,0.284E+18,-0.230E+19,-0.590E+19,-0.107E+19,
0173.2008.178.a,-20.68550,-173.3634,38.00000,6.5,0.182E+19,0.368E+18,-0.219E+19,0.573E+18,-0.120E+19,-0.579E+18,
0274.2008.056.c,-2.486000,99.97200,22.00000,6.9,0.123E+20,-0.167E+20,0.448E+19,0.178E+20,-0.992E+19,0.198E+19,
0406.2008.144.a,7.313000,-34.89700,4.000000,6.5,-0.406E+17,0.725E+17,-0.319E+17,-0.683E+18,-0.102E+19,-0.435E+19,
0169.2006.271.a.OLD,-16.59200,-172.0330,22.00000,6.9,-0.254E+20,0.834E+18,0.246E+20,0.100E+20,0.241E+17,0.150E+19,
0169.2006.271.a,-16.59200,-172.0330,28.00000,6.9,-0.374E+19,-0.644E+19,0.102E+20,-0.466E+19,-0.431E+19,-0.781E+19,
0122.2007.319.b,-22.88090,-70.06700,18.00000,6.8,0.244E+19,0.868E+19,-0.111E+20,0.117E+19,-0.361E+19,-0.325E+19,
0123.2007.350.a,-22.55510,-69.98440,42.00000,6.7,0.459E+19,-0.340E+19,-0.120E+19,-0.840E+18,0.962E+19,-0.491E+19,
0184.2007.245.a,-11.62300,165.5663,18.00000,6.9,0.699E+20,-0.869E+19,-0.612E+20,0.354E+19,-0.519E+20,0.324E+20,
0190.2007.269.a,-4.990000,153.5000,42.00000,6.7,0.155E+20,-0.818E+19,-0.736E+19,-0.117E+18,0.455E+18,0.702E+19,
0207.2007.326.a,-5.757000,147.0980,70.00000,6.7,0.170E+20,-0.706E+19,-0.994E+19,0.246E+19,-0.253E+19,0.886E+18,
0243.2007.249.a,24.33360,122.3239,52.00000,6.5,0.133E+19,0.185E+19,-0.319E+19,-0.271E+18,0.244E+18,0.939E+18,
0248.2007.232.a,6.129700,127.4336,8.000000,6.5,-0.398E+19,0.245E+19,0.153E+19,0.501E+18,-0.401E+18,-0.389E+19,
0160.2007.354.a,-39.01100,178.2910,32.00000,6.5,-0.431E+19,0.421E+19,0.948E+17,0.115E+19,0.140E+19,0.388E+19,
0162.2007.288.a,-44.71330,167.4645,14.00000,6.8,0.413E+19,0.101E+20,-0.142E+20,0.576E+18,-0.123E+19,-0.604E+19,
0274.2007.263.a,-2.040300,100.2038,6.000000,6.6,0.617E+19,-0.546E+19,-0.707E+18,0.103E+20,-0.619E+19,-0.113E+19,
0274.2005.100.b,-1.714000,99.77900,16.00000,6.5,0.396E+19,0.630E+18,-0.459E+19,0.842E+18,-0.258E+18,-0.518E+19,
